- Lat: 37.307655785432
  Lon: 127.12925284845001
- Lat: 37.30765316294
  Lon: 127.12925593252999
